1 -538.953 -1924.16
0 338.721 -1940.5
1 -525.667 -1820.36
0 341.766 -1854.48
1 -512.76 -1710.1
0 327.028 -1760.45
1 -497.234 -1602.18
0 326.761 -1665.26
1 -487.542 -1524.4
0 317.052 -1592.84
1 -478.918 -1390.72
0 311.034 -1486.49
1 -467.921 -1293.83
0 304.036 -1388.23
1 -457.282 -1188.23
0 306.067 -1297.68
1 -446.905 -1108.16
0 295.893 -1193.53
1 -442.005 -1005.64
0 303.387 -1111.29
1 -432.62 -895.955
0 293.713 -1004.47
1 -426.972 -796.888
0 297.221 -906.042
1 -417.845 -699.139
0 291.129 -805.218
1 -411.757 -608.731
0 294.821 -667.46
1 -408.508 -514.788
0 292.533 -608.219
1 -403.631 -399.601
0 286.636 -505.771
1 -401.726 -305.535
0 289.182 -408.909
1 -399.806 -208.253
0 291.402 -312.646
1 -395.375 -110.798
0 291.404 -206.481
1 -393.366 -23.6975
0 298.198 -109.329
1 -399.286 85.2866
0 298.517 -6.22318
1 -393.403 171.306
0 304.282 86.7265
1 -398.36 283.758
0 305.999 191.275
1 -396.672 381.1
0 312.763 294.903
1 -401.155 466.481
0 318.015 405.348
1 -404.513 565.392
0 316.653 504.213
1 -411.524 664.128
0 319.432 597.482
1 -417.139 759.694
0 331.914 710.286
1 -420.66 868.747
0 336.922 799.871
1 -431.683 957.722
0 352.502 902.233
1 -436.039 1052.06
0 362.996 1005.82
1 -447.678 1143.56
0 361.517 1107.72
1 -453.226 1232.48
0 378.586 1193.51
1 -463.348 1339.33
0 384.128 1301.32
1 -478.876 1443.26
0 392.784 1402.7
1 -484.786 1537.59
0 410.989 1503.83
1 -494.602 1633.58
0 411.714 1576.84
1 -505.288 1710.89
0 429.548 1688.3
1 -518.772 1826.88
0 438.394 1782.87
1 -527.777 1911.04
