1 -536.285 -1908.52
0 336.452 -1896.98
1 -506.006 -1690.82
0 321.951 -1697.1
1 -488.963 -1499.44
0 317.868 -1516.65
1 -464.273 -1262.83
0 301.899 -1322.33
1 -446.15 -1083.78
0 291.189 -1134.27
1 -424.203 -874.889
0 291.389 -934.429
1 -415.72 -679.547
0 295.766 -740.79
1 -409.08 -485.12
0 280.734 -528.592
1 -397.724 -288.98
0 292.995 -339.075
1 -394.726 -97.1752
0 297.725 -132.009
1 -387.824 112.128
0 301.903 68.9825
1 -396.314 296.986
0 310.179 270.947
1 -398.988 498.035
0 315.47 470.516
1 -412.184 687.131
0 324.936 685.34
1 -419.89 884.072
0 352.164 869.9
1 -435.765 1073.97
0 368.892 1073.94
1 -451.391 1254.45
0 382.578 1273.37
1 -470.451 1460.7
0 397.908 1464.2
1 -492.628 1652.35
0 418.474 1657.81
1 -516.373 1838.36
