Train Set File:
Examples:
28
Input:
11
Output:
1
0.157867 0.000000 0.219890 0.744032 0.064074 0.184646 0.157117 0.569001 0.024541 0.565946 0.131248 
1.000000 
0.014484 0.000000 0.401735 0.703738 0.035157 0.007696 0.295058 0.241935 0.009644 0.039315 0.253969 
0.000000 
0.016052 0.000000 0.345192 0.693368 0.040901 0.012283 0.236183 0.296187 0.026123 0.039898 0.169276 
0.000000 
0.020656 0.000000 0.299366 0.476438 0.047139 0.009954 0.246929 0.358098 0.124624 0.039147 0.200031 
0.000000 
0.362981 0.000000 0.202510 0.511428 0.069529 0.061116 0.283338 0.311989 0.145730 0.464135 0.335716 
0.000000 
0.339338 0.000000 0.208936 0.891887 0.067408 0.073823 0.267402 0.247419 0.082095 0.772727 0.386671 
0.000000 
0.001259 0.000000 0.149764 0.604393 0.093699 0.068161 0.291836 0.120951 1.000000 0.748142 0.412773 
0.000000 
0.344000 0.000000 0.134191 0.840892 0.104383 0.106463 0.195017 0.437181 0.033153 0.812041 0.272639 
0.000000 
0.128036 0.000000 0.124614 0.612425 0.112239 0.110401 0.173469 0.574713 0.091643 0.589838 0.222621 
0.000000 
0.153741 0.000000 0.380734 0.928435 0.037092 0.196548 0.164722 0.409036 0.064356 0.515242 0.117427 
1.000000 
0.016436 0.000000 0.516168 0.827113 0.027374 0.015382 0.291621 0.184471 0.062899 0.060662 0.200287 
0.000000 
0.026150 0.000000 0.259076 0.697354 0.054436 0.015098 0.218623 1.370511 0.097153 0.050967 0.174851 
0.000000 
0.000000 0.000000 0.113153 0.734063 0.123329 0.089884 0.234264 0.959029 1.000000 0.527662 0.252927 
0.000000 
0.079322 0.000000 0.129224 0.678155 0.108316 0.071598 0.324685 0.396792 0.300863 0.719955 0.385461 
0.000000 
0.410223 0.000000 0.300668 0.918493 0.046936 0.219114 0.138853 0.602709 0.077422 0.927769 0.133197 
1.000000 
0.426377 0.000000 0.271908 0.835806 0.051879 0.101470 0.253010 0.442069 0.191272 0.975024 0.298269 
0.000000 
0.152176 0.000000 0.470891 0.798536 0.030002 0.066879 0.349229 0.274356 0.132367 0.630961 0.382509 
0.000000 
0.143497 0.000000 0.477048 0.877902 0.029616 0.071644 0.291571 0.276537 0.037240 0.446255 0.278594 
0.000000 
0.318861 0.000000 0.479833 0.937529 0.029444 0.182981 0.153794 0.515958 0.046580 0.526072 0.127065 
1.000000 
0.000000 0.000000 0.620042 0.819692 0.022793 0.009635 0.282051 0.258644 0.030490 0.038549 0.203133 
0.000000 
0.306198 0.000000 0.512812 0.869268 0.027553 0.072919 0.283535 0.394363 0.094340 0.500894 0.299123 
0.000000 
0.026285 0.000000 0.472035 0.734172 0.029930 0.059503 0.380415 0.367899 0.227236 0.672980 0.447038 
0.000000 
0.596108 0.000000 0.299947 0.803131 0.047048 0.087410 0.279161 0.566760 0.262047 0.934714 0.345507 
0.000000 
0.672155 0.000000 0.357075 0.913308 0.039543 0.135879 0.174022 0.663512 0.163608 0.906775 0.219227 
0.000000 
0.000000 0.000000 0.101346 0.655442 0.137263 0.067205 0.340691 0.935564 1.000000 0.694206 0.402800 
0.000000 
0.269328 0.000000 0.260855 0.725850 0.054066 0.086020 0.250833 1.157913 1.000000 0.509427 0.257499 
0.000000 
0.149487 0.000000 0.414937 0.710266 0.034041 0.033390 0.232525 1.381323 0.111311 0.109862 0.170053 
0.000000 
0.222501 0.000000 0.239794 0.796553 0.058788 0.101106 0.246259 0.783156 1.000000 0.862708 0.292991 
0.000000 
