MLP NNF   -   Neural Net Framework

__Neural Net Save File__

CONSTANTS
Layers:
3
Neurons Per Layer:
11 25 1 
Epsilon:
0.900000
Activation Function:
sigma_logistic
sigma_logistic
sigma_logistic
WEIGHTS:
-0.159288
0.490147 0.925617 -0.798786 0.077978 -0.186222 0.000683 -0.361787 -0.124644 0.079454 -0.720727 -0.305920 
0.223657
1.564480 -0.416074 -0.002459 -0.838779 -0.160057 -0.961729 1.137802 0.453139 0.168991 -1.252272 2.042954 
0.181537
1.235559 0.549909 -0.207055 -0.594134 1.100182 -1.424063 1.241315 0.517279 0.063695 -1.327180 0.667017 
0.171561
-0.022344 0.380704 -0.886842 -1.079203 0.730268 -0.272592 -0.023638 0.733101 0.724902 -1.223604 -0.744479 
-1.239789
-0.365477 0.463986 1.013096 1.095998 0.197648 1.637529 -1.042752 0.057122 -1.335907 0.816181 -2.636614 
-0.510631
-0.769699 0.829561 0.886647 -0.564711 0.905349 -0.759195 1.125650 -0.212831 -0.816915 -1.224905 0.252959 
0.401841
-0.184115 0.807941 0.541326 -0.267061 0.703857 1.072050 -0.577946 0.269474 -0.508584 -0.653912 -0.720584 
-0.336682
0.601184 0.746583 0.937115 -0.993810 0.515226 -1.379470 -0.122565 0.836343 1.197345 -0.595885 -0.228670 
0.366122
-0.232149 -0.710443 -0.203838 0.389905 -0.846569 1.335900 -0.524744 0.382162 -0.354107 -0.678934 -1.863907 
0.209649
1.456137 -0.020898 -1.030272 -0.795031 0.648477 -0.961389 0.970740 -0.791072 1.152153 0.049240 1.393378 
-0.584443
0.206765 0.463103 -0.714120 0.036165 -0.959534 -0.355587 -0.173662 0.164506 -0.142082 0.262797 -0.543179 
0.094471
-0.260999 0.529843 -0.113427 -1.026495 0.825268 0.060881 0.211786 0.423395 -0.997635 0.427478 -0.655638 
0.069029
0.175480 0.737062 -1.134006 -0.903559 0.023282 -0.267910 -0.079485 -0.622648 -0.651460 0.228828 0.511772 
-0.863209
0.763319 -0.663308 0.683971 -0.357294 0.701517 -0.506935 -1.139182 -0.249972 0.638964 -0.091000 -0.563325 
0.163208
1.014269 0.976252 0.050780 0.065634 0.803263 -0.039196 0.511943 -0.632274 1.106315 -0.453349 0.848121 
-0.029217
-0.554031 -0.946851 -0.257691 -0.639469 0.487503 -1.449701 0.301469 0.541761 0.210058 -0.619995 1.737378 
-0.595015
-0.913218 0.900443 0.612154 0.422326 -0.640646 2.514509 -1.369225 -0.161164 -0.454597 1.198317 -2.305614 
0.193019
1.461199 0.829225 -1.446617 -0.491089 0.501551 -1.579138 1.773054 0.174575 1.433030 -0.771050 2.525029 
-0.393600
0.852070 -0.458469 0.210247 0.197198 0.511106 -0.960890 0.049157 -2.391954 1.481135 0.116179 1.526223 
-0.351362
-0.225963 0.220874 0.308515 0.502191 -0.083979 1.579299 -1.214305 -0.074838 -0.240156 -0.064376 -1.662216 
-0.720707
0.524909 -0.767798 0.622838 -0.252490 0.092442 0.388382 0.421473 -0.784899 0.872923 0.166547 -0.910013 
0.285899
0.441005 -0.572005 -0.366279 -1.256130 1.114624 -0.680667 0.325459 -0.800134 1.144823 0.238184 2.311050 
-0.859087
0.020875 0.712231 0.023425 -0.779928 -0.941382 0.013639 0.001297 0.445271 0.720949 -0.731775 -0.264830 
-0.480086
0.271546 0.966167 0.530393 1.526920 -0.263145 1.633280 -0.840778 1.919342 -0.518725 -0.938244 -2.568458 
-0.135001
0.674027 -0.241824 -0.932121 -0.032440 -0.915442 1.102400 -0.245521 0.460441 -0.147851 -0.717980 -0.056961 
-0.196558
0.028600 -2.675935 -2.155473 -0.765813 3.350534 -0.910659 1.175090 -1.325281 1.969712 -2.553765 0.189086 0.363666 -0.459772 0.133764 -1.288725 -1.993433 3.559330 -3.677471 -2.447857 2.146278 0.224642 -2.611785 -0.543011 3.067668 0.537442 
